CS: 7.378321546987263
GM: 0.034023205874822465
CSF: 0.267583603839
GMF: 0.267629269557
